11111111111111111111111111111111111111111
10001000001000100000001000000222222222101
10101011101010101111101110111211111112101
10101012221010001222101000100212222212101
10111012121111111212101011101212111212101
10000012121222221212100010001212221212101
11111112121211121212111111111211121212101
12222222122210122212222222100212221222101
12101111111110111110111112111212111111101
12100000100010000000100012222212122200001
12111110101011111111101011111112121211111
22001000101010001000001000000012221222001
11111010101010101011111111111111111112111
10001010101000100010000000000000000012221
10101011101111111111101110111011111011121
10100010001000000000001000100010001000021
10111010111011111011111111101110101111121
10001010100010000010000010001000100012221
10101010101111111011111010111011111012111
10101010100010000010001010100000001012221
10101110111010111110101010111111101111121
10100000100010000010100010100000000000021
10101111101110101010111110101111111111121
10101000001010101010000010100010000010121
10111011111010101011111010111110111010121
10100010001000101000001010000000101010121
10101110101111101110111011111111101010121
10101000100000101010000010000000101010022
10101011101110101010101110111110101011111
10101000100010100010101010000010001000001
10101011111010111110101011111011111111101
10100010000010000010100010000010000000101
10111010101011111010111110111110111110101
10001010101010001010000000100010001000001
10101110101011101011111111101110101111111
10100010101000001000001000001000100000101
11111010111111111111101011111011111110101
10000010000000001000100010001010000010101
10111111111011111010111110101110111010101
10000000001000000010000000100000100010001
11111111111111111111111111111111111111111